[intro-bg.jpg]
filters=bw=1;Soften=1,50.000000,50.000000;
moddate=000025f696d00000
width=2000
height=1000
textactive=0
